@subtask samples
manual sample1.in
manual sample2.in
manual sample3.in

@subtask s1
@include samples
gen 1 1 1 1
gen 1 1 1000 1000
gen 10 20 900 1000
gen 10 20 910 1000
gen 10 20 920 1000
gen 10 20 930 1000
gen 10 20 940 1000
gen 10 20 950 1000
gen 10 20 960 1000
gen 10 20 970 1000
gen 10 20 980 1000
gen 10 20 990 1000
gen 10 20 1000 1000
gen 1000 1000 1000 1000
gen 1000 1000 10 20
gen 950 1000 10 20
gen 900 1000 10 20
gen 1 1000 1 1000
gen 2 1000 2 1000
gen 3 1000 3 1000
gen 4 1000 4 1000
gen 5 1000 5 1000

@subtask s2
gen2 1 1 1 1
gen2 10 100 10 100
gen2 100 1000 100 1000
gen2 1000 10000 1000 10000
gen2 10000 100000 10000 100000
gen2 1 1 100000 100000
gen2 10 20 99900 100000
gen2 10 20 99910 100000
gen2 10 20 99920 100000
gen2 10 20 99930 100000
gen2 10 20 99940 100000
gen2 10 20 99950 100000
gen2 10 20 99960 100000
gen2 10 20 99970 100000
gen2 10 20 99980 100000
gen2 10 20 99990 100000
gen2 10 20 100000 100000
gen2 100000 100000 100000 100000
gen2 100000 100000 10 20
gen2 99950 100000 10 20
gen2 99900 100000 10 20
gen2 1 100000 1 100000
gen2 2 100000 2 100000
gen2 3 100000 3 100000
gen2 4 100000 4 100000
gen2 5 100000 5 100000
op2 1
op2 2
op2 5
op2 10
op2 100
op2 1000
op2 10000
op2 99995
op2 99996
op2 99997
op2 99998
op2 99999
op2 100000

@subtask s3
@include s2
gen3 1 1 1 1
gen3 10 100 10 100
gen3 100 1000 100 1000
gen3 1000 10000 1000 10000
gen3 10000 100000 10000 100000
gen3 1 1 100000 100000
gen3 10 20 99900 100000
gen3 10 20 99910 100000
gen3 10 20 99920 100000
gen3 10 20 99930 100000
gen3 10 20 99940 100000
gen3 10 20 99950 100000
gen3 10 20 99960 100000
gen3 10 20 99970 100000
gen3 10 20 99980 100000
gen3 10 20 99990 100000
gen3 10 20 100000 100000
gen3 100000 100000 100000 100000
gen3 100000 100000 10 20
gen3 99950 100000 10 20
gen3 99900 100000 10 20
gen3 1 100000 1 100000
gen3 2 100000 2 100000
gen3 3 100000 3 100000
gen3 4 100000 4 100000
gen3 5 100000 5 100000
op3 5
op3 10
op3 100
op3 1000
op3 10000
op3 99995
op3 99996
op3 99997
op3 99998
op3 99999
op3 100000

@subtask s4
@include samples
@include s1
@include s2
@include s3
gen 1000 10000 1000 10000
gen 10000 100000 10000 100000
gen 1 1 100000 100000
gen 10 20 99900 100000
gen 10 20 99910 100000
gen 10 20 99920 100000
gen 10 20 99930 100000
gen 10 20 99940 100000
gen 10 20 99950 100000
gen 10 20 99960 100000
gen 10 20 99970 100000
gen 10 20 99980 100000
gen 10 20 99990 100000
gen 10 20 100000 100000
gen 100000 100000 100000 100000
gen 100000 100000 10 20
gen 99950 100000 10 20
gen 99900 100000 10 20
gen 1 100000 1 100000
gen 2 100000 2 100000
gen 3 100000 3 100000
gen 4 100000 4 100000
gen 5 100000 5 100000
op4 5
op4 10
op4 100
op4 1000
op4 10000
op4 99995
op4 99996
op4 99997
op4 99998
op4 99999
op4 100000
